# WELL TRACE FROM PETREL 
# WELL NAME:              SM1-74-7D
# DEFINITIVE SURVEY:      MD Incl Azim survey 1
# WELL HEAD X-COORDINATE: 464573.28000000 (m)
# WELL HEAD Y-COORDINATE: 4283095.03000000 (m)
# WELL DATUM (KB, Kelly bushing, from MSL): 1029.70000000 (m)
# WELL TYPE:              UNDEFINED
# MD AND TVD ARE REFERENCED (=0) AT WELL DATUM AND INCREASE DOWNWARDS
# ANGLES ARE GIVEN IN DEGREES
# XYZ TRACE IS GIVEN IN COORDINATE SYSTEM <Undefined>
# AZIMUTH REFERENCE UNDEFINED
# DX DY ARE UNDEFINED IN m-UNITS
# DEPTH (Z, tvd_z) GIVEN IN m-UNITS
#================================================================================================================================
      MD            X            Y            Z           TVD           DX          DY          AZIM         INCL         DLS
#================================================================================================================================
 0.0000000000 464573.28000 4283095.0300 1029.7000000 0.0000000000 0.0000000000 0.0000000000 0.0000000000 0.0000000000 0.0000000000
 13.027500000 464573.27206 4283095.0219 1016.6725066 13.027493386 -0.007944288 -0.008132291 224.33000000 0.1000000000 0.2302820956
 26.055000000 464573.24822 4283094.9975 1003.6450529 26.054947088 -0.031777128 -0.032529141 224.33000000 0.2000000000 0.2302820956
 39.082500000 464573.20850 4283094.9568 990.61767858 39.082321422 -0.071498447 -0.073190474 224.33000000 0.3000000000 0.2302820956
 52.110000000 464573.15289 4283094.8999 977.59042330 52.109576705 -0.127108124 -0.130116167 224.33000000 0.4000000000 0.2302820956
 56.577500000 464573.13960 4283094.8867 973.12296833 56.577031675 -0.140402599 -0.143296883 229.80319141 0.0805010347 2.1485715620
 61.045000000 464573.14330 4283094.8918 968.65547855 61.044521447 -0.136697024 -0.138218501 40.664890979 0.2402232755 2.1485715620
 65.512500000 464573.16401 4283094.9151 964.18809330 65.511906704 -0.115991517 -0.114881179 41.972942507 0.5600717959 2.1485715622
 69.980000000 464573.20171 4283094.9567 959.72095187 69.979048132 -0.078286721 -0.073285647 42.330000000 0.8800000000 2.1485715622
 74.700000000 464573.25637 4283095.0101 955.00157138 74.698428618 -0.023625034 -0.019914106 48.702955024 0.9776890626 0.9028025024
 79.420000000 464573.32273 4283095.0630 950.28233586 79.417664145 0.0427287596 0.0330179930 53.867204022 1.0852194268 0.9028025024
 84.140000000 464573.40077 4283095.1155 945.56327429 84.136725709 0.1207742529 0.0855103238 58.073094729 1.1999482919 0.9028025025
 88.860000000 464573.49051 4283095.1676 940.84441569 88.855584308 0.2105109659 0.1375625636 61.530000000 1.3200000000 0.9028025025
 91.140000000 464573.53631 4283095.1946 938.56503571 91.134964292 0.2563067062 0.1645500576 57.498707259 1.3534941634 1.3132289655
 93.420000000 464573.58135 4283095.2254 936.28569028 93.414309724 0.3013517625 0.1954374155 53.679906349 1.3933455903 1.3132289655
 95.700000000 464573.62565 4283095.2602 934.00638631 95.693613688 0.3456459981 0.2302245423 50.088348833 1.4390262161 1.3132289656
 97.980000000 464573.66919 4283095.2989 931.72713073 97.972869269 0.3891892786 0.2689113328 46.730000000 1.4900000000 1.3132289656
 102.53750000 464573.75568 4283095.3779 927.17113578 102.52886422 0.4756759087 0.3478708016 48.500797639 1.4552091512 0.3770430440
 107.09500000 464573.84256 4283095.4523 922.61507199 107.08492801 0.5625593724 0.4222919326 50.356448323 1.4218749001 0.3770430440
 111.65250000 464573.92984 4283095.5222 918.05894391 111.64105609 0.6498395830 0.4921746515 52.299024949 1.3901020371 0.3770430440
 116.21000000 464574.01752 4283095.5875 913.50275609 116.19724391 0.7375164531 0.5575188873 54.330000000 1.3600000000 0.3770430440
 118.50750000 464574.06317 4283095.6197 911.20593569 118.49406431 0.7831702479 0.5897269128 55.243314048 1.4270461241 0.9222282190
 120.80500000 464574.11153 4283095.6528 908.90918242 120.79081758 0.8315333604 0.6227569887 56.074486336 1.4944221359 0.9222282190
 123.10250000 464574.16261 4283095.6866 906.61249976 123.08750024 0.8826057171 0.6566090658 56.833816560 1.5620853499 0.9222282193
 125.40000000 464574.21639 4283095.7213 904.31589121 125.38410879 0.9363872404 0.6912830928 57.530000000 1.6300000000 0.9222282193
 129.98333333 464574.32118 4283095.7945 899.73434314 129.96565686 1.0411791832 0.7645487683 52.456519347 1.5703795384 1.0056771470
 134.56666667 464574.41557 4283095.8744 895.15267837 134.54732163 1.1355701629 0.8443618203 47.029122479 1.5239708104 1.0056771470
 139.15000000 464574.49956 4283095.9607 890.57092984 139.12907016 1.2195595005 0.9307216750 41.315779600 1.4920071748 1.0056771481
 143.73333333 464574.57315 4283096.0536 885.98913049 143.71086951 1.2931465922 1.0236277105 35.413848814 1.4754277450 1.0056771481
 148.31666667 464574.63633 4283096.1531 881.40731328 148.29268672 1.3563309088 1.1230792599 29.442626918 1.4747514686 1.0056771470
 152.90000000 464574.68911 4283096.2591 876.82551114 152.87448886 1.4091119960 1.2290756078 23.530000000 1.4900000000 1.0056771470
 155.28250000 464574.71324 4283096.3159 874.44381086 155.25618914 1.4332351022 1.2858909415 22.477166470 1.4792296744 0.3692695262
 157.66500000 464574.73614 4283096.3727 872.06209929 157.63790071 1.4561392047 1.3427374298 21.409259015 1.4689658174 0.3692695262
 160.04750000 464574.75782 4283096.4296 869.68037706 160.01962294 1.4778242976 1.3996150577 20.326708636 1.4592191163 0.3692695263
 162.43000000 464574.77829 4283096.4865 867.29864477 162.40135523 1.4982903753 1.4565238105 19.230000000 1.4500000000 0.3692695263
 167.08000000 464574.81839 4283096.6019 862.65024956 167.04975044 1.5383882110 1.5718816165 19.108852311 1.5599919775 0.7099221186
 171.73000000 464574.86117 4283096.7258 858.00209736 171.69790264 1.5811722432 1.6957528209 19.003659922 1.6699900079 0.7099221186
 176.38000000 464574.90664 4283096.8581 853.35420534 176.34579466 1.6266423141 1.8281369666 18.911465522 1.7799929691 0.7099221187
 181.03000000 464574.95480 4283096.9990 848.70659063 180.99340937 1.6747982560 1.9690335654 18.830000000 1.8900000000 0.7099221187
 185.54166666 464574.99903 4283097.1349 844.19718820 185.50281180 1.7190266956 2.1048884392 17.167212216 1.7398128514 1.0581682803
 190.05333333 464575.03566 4283097.2608 839.68742861 190.01257139 1.7556592496 2.2307833880 15.192377511 1.5913656649 1.0581682803
 194.56500000 464575.06470 4283097.3767 835.17734665 194.52265335 1.7846956355 2.3467174415 12.814853687 1.4451947150 1.0581682790
 199.07666667 464575.08614 4283097.4827 830.66697713 199.03302287 1.8061356292 2.4526897054 9.9087927783 1.3020668234 1.0581682790
 203.58833334 464575.09998 4283097.5787 826.15635483 203.54364517 1.8199790653 2.5486993613 6.2972148484 1.1631059386 1.0581682804
 208.10000000 464575.10623 4283097.6647 821.64551455 208.05448545 1.8262258371 2.6347456686 1.7300000000 1.0300000000 1.0581682804
 215.46250000 464575.11136 4283097.7924 814.28412415 215.41587585 1.8313630821 2.7624315182 2.9203284141 0.9591454685 0.3007202370
 222.82500000 464575.11878 4283097.9109 806.92258181 222.77741819 1.8387837582 2.8809141126 4.2998199363 0.8887707089 0.3007202370
 230.18750000 464575.12849 4283098.0202 799.56089976 230.13910024 1.8484878532 2.9901932543 5.9154057267 0.8189994077 0.3007202369
 237.55000000 464575.14048 4283098.1203 792.19909020 237.50090980 1.8604753510 3.0902687637 7.8300000000 0.7500000000 0.3007202369
 244.77250000 464575.15314 4283098.2125 784.97719059 244.72280941 1.8731437228 3.1825246038 7.8073194759 0.7274998057 0.0934666419
 251.99500000 464575.16539 4283098.3020 777.75525497 251.94474503 1.8853897619 3.2719757585 7.7831913298 0.7049997327 0.0934666419
 259.21750000 464575.17721 4283098.3886 770.53328445 259.16671555 1.8972134665 3.3586222148 7.7574723987 0.6824997929 0.0934666420
 266.44000000 464575.18861 4283098.4725 763.31128015 266.38871985 1.9086148346 3.4424639586 7.7300000000 0.6600000000 0.0934666420
 273.65750000 464575.20036 4283098.5533 756.09424254 273.60575746 1.9203619377 3.5233064713 8.8247256727 0.6370955203 0.1082388630
 280.87500000 464575.21324 4283098.6311 748.87717302 280.82282698 1.9332383404 3.6010693731 10.000629803 0.6144408862 0.1082388630
 288.09250000 464575.22724 4283098.7058 741.66007308 288.03992692 1.9472440399 3.6757526491 11.265980287 0.5920647785 0.1082388630
 295.31000000 464575.24238 4283098.7774 734.44294420 295.25705580 1.9623790333 3.7473562825 12.630000000 0.5700000000 0.1082388630
 302.52750000 464575.25819 4283098.8474 727.22580135 302.47419865 1.9781855224 3.8173954617 12.804998367 0.5699920244 0.0072362717
 309.74500000 464575.27421 4283098.9174 720.00865849 309.69134151 1.9942057110 3.8873853832 12.980000001 0.5699893658 0.0072362717
 316.96250000 464575.29044 4283098.9873 712.79151564 316.90848436 2.0104395991 3.9573260471 13.155001632 0.5699920244 0.0072362717
 324.18000000 464575.30689 4283099.0572 705.57437279 324.12562721 2.0268871867 4.0272174524 13.330000000 0.5700000000 0.0072362717
 327.65000000 464575.31308 4283099.0837 702.10448163 327.59551837 2.0330750216 4.0536557818 12.898646916 0.3266963160 2.1036775730
 331.12000000 464575.31572 4283099.0958 698.63450647 331.06549353 2.0357205141 4.0657899706 9.9535327611 0.0835190952 2.1036775730
 334.59000000 464575.31482 4283099.0936 695.16450987 334.53549013 2.0348236162 4.0636198008 195.97131592 0.1601089291 2.1036775729
 338.06000000 464575.31038 4283099.0771 691.69455442 338.00544558 2.0303843443 4.0471453117 194.72750144 0.4033717548 2.1036775729
 341.53000000 464575.30240 4283099.0464 688.22470271 341.47529729 2.0224027783 4.0163667994 194.41956771 0.6466816446 2.1036775732
 345.00000000 464575.29088 4283099.0013 684.75501732 344.94498268 2.0108790623 3.9712848207 194.28000000 0.8900000000 2.1036775732
 347.01250000 464575.28258 4283098.9686 682.74280031 346.95719969 2.0025782680 3.9386043837 194.22721075 1.0299991952 2.0869859487
 349.02500000 464575.27310 4283098.9312 680.73067168 348.96932832 1.9930970366 3.9011510154 194.18705362 1.1699990553 2.0869859487
 351.03750000 464575.26244 4283098.8889 678.71864347 350.98135653 1.9824354247 3.8589249393 194.15547866 1.3099993672 2.0869859483
 353.05000000 464575.25059 4283098.8419 676.70672768 352.99327232 1.9705934959 3.8119264068 194.13000000 1.4500000000 2.0869859483
 356.70833334 464575.22196 4283098.7398 673.04994167 356.65005833 1.9419647145 3.7097698757 196.83503603 1.8745577272 3.5395678320
 360.36666667 464575.18128 4283098.6128 669.39404577 360.30595423 1.9012777143 3.5828478159 198.53898496 2.3017471648 3.5395678320
 364.02500000 464575.12853 4283098.4612 665.73924746 363.96075254 1.8485348044 3.4311674312 199.70900362 2.7303333154 3.5395678368
 367.68333333 464575.06374 4283098.2847 662.08575415 367.61424585 1.7837389779 3.2547373287 200.56148942 3.1597478823 3.5395678368
 371.34166666 464574.98689 4283098.0836 658.43377317 371.26622683 1.7068939121 3.0535675213 201.21006183 3.5896935815 3.5395678321
 375.00000000 464574.89800 4283097.8577 654.78351179 374.91648821 1.6180039680 2.8276694259 201.72000000 4.0200000000 3.5395678321
 376.73250000 464574.85172 4283097.7421 653.05549251 376.64450749 1.5717169593 2.7120839758 201.92298536 4.2224340628 3.5144361320
 378.46500000 464574.80275 4283097.6210 651.32792398 378.37207602 1.5227512997 2.5909953704 202.10742785 4.4249161069 3.5144361320
 380.19750000 464574.75111 4283097.4944 649.60082788 380.09917212 1.4711076036 2.4644051297 202.27575804 4.6274398337 3.5144361325
 381.93000000 464574.69679 4283097.3623 647.87422588 381.82577412 1.4167865190 2.3323148414 202.43000000 4.8300000000 3.5144361325
 385.77500000 464574.56745 4283097.0539 644.04380530 385.65619470 1.2874521620 2.0238733208 203.04832167 5.1506001043 2.5363531041
 389.62000000 464574.42651 4283096.7271 640.21531787 389.48468213 1.1465064591 1.6970650228 203.59430723 5.4717270556 2.5363531041
 393.46500000 464574.27395 4283096.3819 636.38888683 393.31111317 0.9939539474 1.3519004686 204.07989448 5.7932932433 2.5363531035
 397.31000000 464574.10980 4283096.0184 632.56463535 397.13536465 0.8297995377 0.9883907679 204.51454723 6.1152293761 2.5363531035
 401.15500000 464573.93405 4283095.6365 628.74268654 400.95731346 0.6540485140 0.6065476239 204.90586099 6.4374799513 2.5363531040
 405.00000000 464573.74671 4283095.2364 624.92316342 404.77683658 0.4667065338 0.2063833261 205.26000000 6.7600000000 2.5363531040
 406.45250000 464573.67292 4283095.0804 623.48094510 406.21905490 0.3929194384 0.0504435077 205.38374234 6.8824555237 2.5473515865
 407.90500000 464573.59748 4283094.9219 622.03909884 407.66090116 0.3174773849 -0.108122816 205.50317823 7.0049417353 2.5473515865
 409.35750000 464573.52038 4283094.7607 620.59763130 409.10236870 0.2403807226 -0.269314912 205.61852871 7.1274570526 2.5473515876
 410.81000000 464573.44163 4283094.5969 619.15654918 410.54345082 0.1616298089 -0.433132032 205.73000000 7.2500000000 2.5473515876
 414.84166666 464573.21512 4283094.1248 615.15903117 414.54096883 -0.064880336 -0.905154086 205.54529389 7.6731873558 3.1540259011
 418.87333333 464572.97736 4283093.6255 611.16548950 418.53451050 -0.302637666 -1.404512077 205.37978875 8.0964453140 3.1540259011
 422.90500000 464572.72837 4283093.0988 607.17614275 422.52385725 -0.551629170 -1.931178679 205.23062534 8.5197633518 3.1540258971
 426.93666667 464572.46816 4283092.5449 603.19120924 426.50879076 -0.811841219 -2.485125067 205.09548484 8.9431329375 3.1540258971
 430.96833334 464572.19674 4283091.9637 599.21090706 430.48909294 -1.083259574 -3.066320924 204.97246705 9.3665470808 3.1540259008
 435.00000000 464571.91413 4283091.3553 595.23545405 434.46454595 -1.365869379 -3.674734443 204.86000000 9.7900000000 3.1540259008
 436.18000000 464571.82931 4283091.1721 594.07285306 435.62714694 -1.450689029 -3.857939345 204.82630743 9.9124951992 3.1177310422
 437.36000000 464571.74355 4283090.9866 592.91068635 436.78931365 -1.536445031 -4.043449267 204.79342930 10.034993677 3.1177310422
 438.54000000 464571.65686 4283090.7987 591.74895926 437.95104074 -1.623136991 -4.231263360 204.76133617 10.157495315 3.1177310511
 439.72000000 464571.56924 4283090.6086 590.58767710 439.11232290 -1.710764512 -4.421380764 204.73000000 10.280000000 3.1177310511
 443.93333334 464571.24960 4283089.9157 586.44402170 443.25597830 -2.030404587 -5.114262448 204.79862497 10.588301858 2.1969698464
 448.14666667 464570.91979 4283089.2030 582.30453228 447.39546772 -2.360209577 -5.826997251 204.86340962 10.896617731 2.1969698464
 452.36000000 464570.57983 4283088.4704 578.16932889 451.53067111 -2.700169919 -6.559564506 204.92467084 11.204946462 2.1969698495
 456.57333333 464570.22972 4283087.7181 574.03853147 455.66146853 -3.050275753 -7.311942966 204.98269162 11.513287019 2.1969698495
 460.78666666 464569.86948 4283086.9459 569.91225978 459.78774022 -3.410516926 -8.084110813 205.03772543 11.821638475 2.1969698478
 465.00000000 464569.49912 4283086.1540 565.79063352 463.90936648 -3.780882991 -8.876045654 205.09000000 12.130000000 2.1969698478
 465.90000000 464569.41870 4283085.9822 564.91083497 464.78916503 -3.861303498 -9.047763343 205.10015746 12.194999454 2.1678224342
 466.80000000 464569.33782 4283085.8096 564.03125209 465.66874791 -3.942177709 -9.220370542 205.11020883 12.259999276 2.1678224342
 467.70000000 464569.25649 4283085.6361 563.15188603 466.54811397 -4.023505517 -9.393867027 205.12015580 12.324999460 2.1678224249
 468.60000000 464569.17471 4283085.4617 562.27273791 467.42726209 -4.105286819 -9.568252576 205.13000000 12.390000000 2.1678224249
 473.00000000 464568.76969 4283084.5976 557.97748318 471.72251682 -4.510313566 -10.43237255 205.09681965 12.663324254 1.8642202450
 477.40000000 464568.35647 4283083.7147 553.68682988 476.01317012 -4.923531493 -11.31527034 205.06501896 12.936652446 1.8642202450
 481.80000000 464567.93507 4283082.8131 549.40087574 480.29912426 -5.344931190 -12.21692585 205.03451228 13.209984333 1.8642202432
 486.20000000 464567.50550 4283081.8927 545.11971835 484.58028165 -5.774503061 -13.13731854 205.00522092 13.483319689 1.8642202432
 490.60000000 464567.06776 4283080.9536 540.84345522 488.85654478 -6.212237323 -14.07642746 204.97707243 13.756658308 1.8642202452
 495.00000000 464566.62188 4283079.9958 536.57218371 493.12781629 -6.658124007 -15.03423120 204.95000000 14.030000000 1.8642202452
 495.63750000 464566.55660 4283079.8554 535.95375502 493.74624498 -6.723401888 -15.17455578 204.94495822 14.069999845 1.8832267009
 496.27500000 464566.49115 4283079.7147 535.33543452 494.36456548 -6.788849508 -15.31527752 204.93994445 14.109999794 1.8832267009
 496.91250000 464566.42553 4283079.5736 534.71722253 494.98277747 -6.854466836 -15.45639637 204.93495846 14.149999846 1.8832266847
 497.55000000 464566.35975 4283079.4321 534.09911933 495.60088067 -6.920253839 -15.59791224 204.93000000 14.190000000 1.8832266847
 502.12500000 464565.87700 4283078.3971 529.66895921 500.03104079 -7.403004964 -16.63285561 205.08085421 14.719800339 3.4828617867
 506.70000000 464565.37422 4283077.3264 525.24954907 504.45045093 -7.905775878 -17.70360793 205.22144913 15.249691649 3.4828617867
 511.27500000 464564.85148 4283076.2199 520.84126868 508.85873132 -8.428523375 -18.81007717 205.35281721 15.779664762 3.4828617845
 515.85000000 464564.30880 4283075.0778 516.44449687 513.25550313 -8.971202535 -19.95216826 205.47585711 16.309711699 3.4828617845
 520.42500000 464563.74623 4283073.9002 512.05961146 517.64038854 -9.533766724 -21.12978305 205.59135465 16.839825487 3.4828617866
 525.00000000 464563.16383 4283072.6872 507.68698926 522.01301074 -10.11616760 -22.34282034 205.70000000 17.370000000 3.4828617866
 525.35000000 464563.11846 4283072.5929 507.35298689 522.34701311 -10.16153715 -22.43707539 205.70755009 17.409999578 3.4339865601
 525.70000000 464563.07298 4283072.4985 507.01905763 522.68094237 -10.20702024 -22.53153455 205.71506663 17.449999438 3.4339865601
 526.05000000 464563.02738 4283072.4038 506.68520164 523.01479836 -10.25261685 -22.62619776 205.72254986 17.489999580 3.4339865841
 526.40000000 464562.98167 4283072.3089 506.35141909 523.34858091 -10.29832696 -22.72106497 205.73000000 17.530000000 3.4339865841
 529.97500000 464562.50857 4283071.3256 502.94704175 526.75295825 -10.77143074 -23.70439417 205.65765017 18.014922874 4.0734997315
 533.55000000 464562.02423 4283070.3158 499.55202204 530.14797796 -11.25576791 -24.71424920 205.58897079 18.499871254 4.0734997315
 537.12500000 464561.52870 4283069.2794 496.16660364 533.53339636 -11.75130373 -25.75055758 205.52368050 18.984843183 4.0734997274
 540.70000000 464561.02200 4283068.2168 492.79102955 536.90897045 -12.25800261 -26.81324492 205.46152594 19.469836900 4.0734997274
 544.27500000 464560.50417 4283067.1278 489.42554208 540.27445792 -12.77582820 -27.90223495 205.40227833 19.954850815 4.0734997318
 547.85000000 464559.97526 4283066.0126 486.07038278 543.62961722 -13.30474331 -29.01744950 205.34573058 20.439883488 4.0734997318
 551.42500000 464559.43529 4283064.8712 482.72579251 546.97420749 -13.84470998 -30.15880851 205.29169477 20.924933612 4.0734997283
 555.00000000 464558.88431 4283063.7038 479.39201131 550.30798869 -14.39568947 -31.32623007 205.24000000 21.410000000 4.0734997283
 555.08000000 464558.87186 4283063.6773 479.31753449 550.38246551 -14.40814420 -31.35265133 205.23749666 21.419999944 3.7656110324
 555.16000000 464558.85940 4283063.6509 479.24306277 550.45693723 -14.42060332 -31.37908489 205.23499555 21.429999926 3.7656110324
 555.24000000 464558.84693 4283063.6245 479.16859615 550.53140385 -14.43306683 -31.40553074 205.23249666 21.439999944 3.7656109167
 555.32000000 464558.83447 4283063.5980 479.09413463 550.60586537 -14.44553472 -31.43198890 205.23000000 21.450000000 3.7656109167
 560.13500000 464558.07570 4283061.9924 474.61860757 555.08139243 -15.20430151 -33.03762469 205.35645477 21.836448923 2.4252521446
 564.95000000 464557.30051 4283060.3612 470.15516175 559.54483825 -15.97949162 -34.66884128 205.47872245 22.222991017 2.4252521446
 569.76500000 464556.50893 4283058.7044 465.70400319 563.99599681 -16.77106928 -36.32556338 205.59701728 22.609621495 2.4252521436
 574.58000000 464555.70100 4283057.0223 461.26533733 568.43466267 -17.57899793 -38.00771452 205.71153924 22.996335888 2.4252521436
 579.39500000 464554.87676 4283055.3148 456.83936903 572.86063097 -18.40324030 -39.71521708 205.82247521 23.383130024 2.4252521461
 584.21000000 464554.03624 4283053.5820 452.42630258 577.27369742 -19.24375835 -41.44799223 205.93000000 23.770000000 2.4252521461
 584.40750000 464554.00142 4283053.5104 452.24556849 577.45443151 -19.27857820 -41.51960940 205.92749481 23.787499939 2.6626431175
 584.60500000 464553.96658 4283053.4387 452.06485874 577.63514126 -19.31341905 -41.59127774 205.92499308 23.804999919 2.6626431175
 584.80250000 464553.93172 4283053.3670 451.88417334 577.81582666 -19.34828090 -41.66299724 205.92249481 23.822499939 2.6626431957
 585.00000000 464553.89684 4283053.2952 451.70351231 577.99648769 -19.38316375 -41.73476789 205.92000000 23.840000000 2.6626431957
 589.68666667 464553.06358 4283051.5781 447.42311798 582.27688202 -20.21641525 -43.45193933 205.85016583 24.224927284 2.4706884612
 594.37333333 464552.21989 4283049.8340 443.15564354 586.54435646 -21.06010909 -45.19595882 205.78238653 24.609885481 2.4706884612
 599.06000000 464551.36579 4283048.0633 438.90128265 590.79871735 -21.91420697 -46.96674723 205.71656702 24.994873158 2.4706884608
 603.74666667 464550.50133 4283046.2658 434.66022838 595.03977162 -22.77867015 -48.76422420 205.65261796 25.379888968 2.4706884608
 608.43333334 464549.62654 4283044.4417 430.43267318 599.26732682 -23.65345939 -50.58830815 205.59045532 25.764931646 2.4706884611
 613.12000000 464548.74147 4283042.5911 426.21880892 603.48119108 -24.53853500 -52.43891631 205.53000000 26.150000000 2.4706884611
 613.59000000 464548.65218 4283042.4041 425.79693464 603.90306536 -24.62782466 -52.62586402 205.53000000 26.160000000 0.6382978725
 614.06000000 464548.56285 4283042.2171 425.37509653 604.32490347 -24.71714607 -52.81287817 205.53000000 26.170000000 0.6382978725
 614.53000000 464548.47350 4283042.0300 424.95329460 604.74670540 -24.80649920 -52.99995875 205.53000000 26.180000000 0.6382978725
 615.00000000 464548.38412 4283041.8429 424.53152885 605.16847115 -24.89588406 -53.18710576 205.53000000 26.190000000 0.6382978725
 615.58500000 464548.27282 4283041.6099 424.00662144 605.69337856 -25.00718394 -53.42014983 205.52749601 26.204999935 0.7713134761
 616.17000000 464548.16147 4283041.3767 423.48178165 606.21821835 -25.11853286 -53.65332277 205.52499468 26.219999914 0.7713134761
 616.75500000 464548.05007 4283041.1434 422.95700953 606.74299047 -25.22993081 -53.88662454 205.52249601 26.234999935 0.7713134453
 617.34000000 464547.93862 4283040.9099 422.43230512 607.26769488 -25.34137777 -54.12005515 205.52000000 26.250000000 0.7713134453
 623.51250000 464546.76004 4283038.4399 416.89969884 612.80030116 -26.51996395 -56.59006317 205.49716787 26.389994676 0.6821881991
 629.68500000 464545.57662 4283035.9573 411.37379614 618.32620386 -27.70338385 -59.07273388 205.47455950 26.529992939 0.6821881991
 635.85750000 464544.38837 4283033.4619 405.85463018 623.84536982 -28.89163039 -61.56805238 205.45217136 26.669994732 0.6821881971
 642.03000000 464543.19530 4283030.9540 400.34223407 629.35776593 -30.08469642 -64.07600370 205.43000000 26.810000000 0.6821881971
 649.25500000 464541.79452 4283028.0145 393.89258784 635.80741216 -31.48547642 -67.01547620 205.52953247 26.764895036 0.2641382303
 656.48000000 464540.39082 4283025.0821 387.44038223 642.25961777 -32.88917769 -69.94792997 205.62937590 26.719859811 0.2641382303
 663.70500000 464538.98420 4283022.1566 380.98562519 648.71437481 -34.29579848 -72.87336141 205.72953138 26.674894680 0.2641382361
 670.93000000 464537.57466 4283019.2382 374.52832467 655.17167533 -35.70533706 -75.79176690 205.83000000 26.630000000 0.2641382361
 675.74666667 464536.62583 4283017.2880 370.22757077 659.47242923 -36.65416718 -77.74201520 206.05644536 26.892480155 1.7538365231
 680.56333333 464535.66069 4283015.3238 365.93680443 663.76319557 -37.61931299 -79.70620685 206.27883370 27.155314873 1.7538365231
 685.38000000 464534.67925 4283013.3457 361.65612928 668.04387072 -38.60075117 -81.68429443 206.49727703 27.418493909 1.7538365274
 690.19666667 464533.68154 4283011.3538 357.38564872 672.31435128 -39.59845802 -83.67623015 206.71188349 27.682007392 1.7538365274
 695.01333333 464532.66759 4283009.3480 353.12546590 676.57453410 -40.61240943 -85.68196589 206.92275752 27.945845811 1.7538365281
 699.83000000 464531.63742 4283007.3285 348.87568370 680.82431630 -41.64258093 -87.70145322 207.13000000 28.210000000 1.7538365281
 707.03750000 464530.08033 4283004.2913 342.52755779 687.17244221 -43.19966861 -90.73869135 207.15526701 28.319993123 0.4605286247
 714.24500000 464528.51635 4283001.2439 336.18599600 693.51400400 -44.76365246 -93.78608183 207.18035463 28.429990867 0.4605286247
 721.45250000 464526.94547 4282998.1864 329.85102199 699.84897801 -46.33452667 -96.84361329 207.20526494 28.539993177 0.4605286225
 728.66000000 464525.36771 4282995.1187 323.52265938 706.17734062 -47.91228536 -99.91127433 207.23000000 28.650000000 0.4605286225
 735.86500000 464523.78897 4282992.0475 317.19912520 712.50087480 -49.49103041 -102.9825124 207.18010796 28.627472511 0.1367910351
 743.07000000 464522.21404 4282988.9771 310.87423432 718.82576568 -51.06596415 -106.0529134 207.13014402 28.604963319 0.1367910351
 750.27500000 464520.64291 4282985.9075 304.54798881 725.15201119 -52.63708608 -109.1224765 207.08010807 28.582472468 0.1367910307
 757.48000000 464519.07560 4282982.8388 298.22039076 731.47960924 -54.20439567 -112.1912005 207.03000000 28.560000000 0.1367910307
 764.68000000 464517.50363 4282979.7710 291.89919995 737.80080005 -55.77636658 -115.2590061 207.23172220 28.649557119 0.5487939912
 771.88000000 464515.91636 4282976.6999 285.58341391 744.11658609 -57.36363994 -118.3300625 207.43229154 28.739411351 0.5487939912
 779.08000000 464514.31379 4282973.6256 279.27306599 750.42693401 -58.96620735 -121.4043533 207.63171511 28.829559901 0.5487939913
 786.28000000 464512.69594 4282970.5481 272.96818955 756.73181045 -60.58406035 -124.4818623 207.83000000 28.920000000 0.5487939913
 793.49500000 464511.06768 4282967.4589 266.65460402 763.04539598 -62.21231880 -127.5711392 207.75461019 28.974937398 0.2742259960
 800.71000000 464509.44067 4282964.3621 260.34437104 769.35562896 -63.83933396 -130.6679118 207.67948111 29.029916690 0.2742259960
 807.92500000 464507.81490 4282961.2578 254.03749897 775.66250103 -65.46510366 -133.7721761 207.60461148 29.084937636 0.2742259939
 815.14000000 464506.19037 4282958.1461 247.73399618 781.96600382 -67.08962575 -136.8839280 207.53000000 29.140000000 0.2742259939
 822.36000000 464504.57000 4282955.0274 241.42711497 788.27288503 -68.70999797 -140.0025872 207.38031810 29.117249908 0.3171609579
 829.58000000 464502.95893 4282951.9067 235.11884388 794.58115612 -70.32106684 -143.1232547 207.23042342 29.094666284 0.3171609579
 836.80000000 464501.35717 4282948.7841 228.80919411 800.89080589 -71.92282951 -146.2459248 207.08031702 29.072249518 0.3171609661
 844.02000000 464499.76472 4282945.6594 222.49817685 807.20182315 -73.51528313 -149.3705919 206.93000000 29.050000000 0.3171609661
 851.21500000 464498.18151 4282942.5478 216.20696105 813.49303895 -75.09848948 -152.4821963 207.00468107 29.004937710 0.2411059665
 858.41000000 464496.59649 4282939.4427 209.91300267 819.78699733 -76.68350697 -155.5873256 207.07957423 28.959916816 0.2411059665
 865.60500000 464495.00967 4282936.3440 203.61630810 826.08369190 -78.27033399 -158.6859767 207.15468027 28.914937514 0.2411059640
 872.80000000 464493.42103 4282933.2519 197.31688377 832.38311623 -79.85896893 -161.7781463 207.23000000 28.870000000 0.2411059640
 880.02250000 464491.82948 4282930.1490 190.99200605 838.70799395 -81.45051506 -164.8809518 207.08000079 28.869750940 0.3008238212
 887.24500000 464490.24608 4282927.0421 184.66711822 845.03288178 -83.03392428 -167.9878970 206.93000000 28.869667920 0.3008238212
 894.46750000 464488.67081 4282923.9310 178.34223038 851.35776962 -84.60919406 -171.0989769 206.77999921 28.869750940 0.3008238212
 901.69000000 464487.10368 4282920.8158 172.01735266 857.68264734 -86.17632190 -174.2141866 206.63000000 28.870000000 0.3008238212
 908.90500000 464485.54484 4282917.7019 165.69836530 864.00163470 -87.73516424 -177.3281281 206.55516053 28.847437846 0.1770843567
 916.12000000 464483.99118 4282914.5881 159.37800840 870.32199160 -89.28882485 -180.4418799 206.48021407 28.824917063 0.1770843567
 923.33500000 464482.44270 4282911.4746 153.05628546 876.64371454 -90.83730288 -183.5554401 206.40516058 28.802437748 0.1770843503
 930.55000000 464480.89940 4282908.3612 146.73319996 882.96680004 -92.38059747 -186.6688071 206.33000000 28.780000000 0.1770843503
 935.35833333 464479.87275 4282906.2812 142.52134007 887.17865993 -93.40724713 -188.7487795 206.21103335 28.904745161 0.8567202135
 940.16666667 464478.84637 4282904.1909 138.31454241 891.38545759 -94.43363386 -190.8391006 206.09300163 29.029594024 0.8567202135
 944.97500000 464477.82025 4282902.0902 134.11283117 895.58716883 -95.45975175 -192.9397584 205.97589351 29.154545248 0.8567202174
 949.78333333 464476.79441 4282899.9793 129.91623046 899.78376954 -96.48559493 -195.0507407 205.85969784 29.279597514 0.8567202174
 954.59166667 464475.76884 4282897.8580 125.72476439 903.97523561 -97.51115750 -197.1720356 205.74440362 29.404749524 0.8567202126
 959.40000000 464474.74357 4282895.7264 121.53845702 908.16154298 -98.53643356 -199.3036308 205.63000000 29.530000000 0.8567202126
 966.61750000 464473.20209 4282892.5170 115.26023395 914.43976605 -100.0779074 -202.5130038 205.68025350 29.584971815 0.2506527987
 973.83500000 464471.65520 4282889.3035 108.98543032 920.71456968 -101.6248032 -205.7264527 205.73033741 29.639962490 0.2506527987
 981.05250000 464470.10288 4282886.0860 102.71405306 926.98594694 -103.1771193 -208.9439741 205.78025261 29.694971920 0.2506527981
 988.27000000 464468.54515 4282882.8644 96.446109138 933.25389086 -104.7348539 -212.1655643 205.83000000 29.750000000 0.2506527981
 995.50000000 464466.98246 4282879.6397 90.166606272 939.53339373 -106.2975443 -215.3902710 205.87964368 29.672471968 0.3375052112
 1002.7300000 464465.42068 4282876.4240 83.882260971 945.81773903 -107.8593217 -218.6059742 205.92952369 29.594962526 0.3375052112
 1009.9600000 464463.85982 4282873.2173 77.593085900 952.10691410 -109.4201830 -221.8126672 205.97964185 29.517471820 0.3375052128
 1017.1900000 464462.29988 4282870.0197 71.299093734 958.40090627 -110.9801250 -225.0103436 206.03000000 29.440000000 0.3375052128
 1024.4050000 464460.74303 4282866.8354 65.014753912 964.68524609 -112.5369726 -228.1946052 206.07984898 29.407472055 0.1692966642
 1031.6200000 464459.18498 4282863.6557 58.728403409 970.97159659 -114.0950231 -231.3743062 206.12979846 29.374962698 0.1692966642
 1038.8350000 464457.62572 4282860.4806 52.440045399 977.25995460 -115.6542758 -234.5494451 206.17984871 29.342471992 0.1692966647
 1046.0500000 464456.06527 4282857.3100 46.149683058 983.55031694 -117.2147299 -237.7200204 206.23000000 29.310000000 0.1692966647
 1053.2675000 464454.50443 4282854.1456 39.853443252 989.84655675 -118.7755676 -240.8844232 206.27959023 29.222472251 0.3775119760
 1060.4850000 464452.94511 4282850.9912 33.551821194 996.14817881 -120.3348874 -244.0388450 206.32945203 29.134962889 0.3775119760
 1067.7025000 464451.38731 4282847.8467 27.244832721 1002.4551673 -121.8926852 -247.1832778 206.37958781 29.047472082 0.3775119750
 1074.9200000 464449.83104 4282844.7123 20.932493679 1008.7675063 -123.4489572 -250.3177137 206.43000000 28.960000000 0.3775119750
 1082.1400000 464448.27608 4282841.5717 14.620021917 1015.0799781 -125.0039194 -253.4582792 206.25245364 29.114656247 0.7356452478
 1089.3600000 464446.72330 4282838.4111 8.3170396678 1021.3829603 -126.5567027 -256.6189179 206.07662128 29.269544105 0.7356452478
 1096.5800000 464445.17271 4282835.2304 2.0236071131 1027.6763929 -128.1072924 -259.7995997 205.90247818 29.424659893 0.7356452480
 1103.8000000 464443.62433 4282832.0297 -4.260215656 1033.9602157 -129.6556737 -263.0002943 205.73000000 29.580000000 0.7356452480
 1111.0100000 464442.07571 4282828.8252 -10.53052291 1040.2305229 -131.2042943 -266.2048404 205.85499955 29.579824389 0.2567460857
 1118.2200000 464440.52010 4282825.6240 -16.80083744 1046.5008374 -132.7598969 -269.4059888 205.98000000 29.579765852 0.2567460857
 1125.4300000 464438.95752 4282822.4263 -23.07115197 1052.7711520 -134.3224797 -272.6037358 206.10500045 29.579824389 0.2567460857
 1132.6400000 464437.38796 4282819.2319 -29.34145922 1059.0414592 -135.8920407 -275.7980777 206.23000000 29.580000000 0.2567460857
 1139.8700000 464435.81256 4282816.0202 -35.62441247 1065.3244125 -137.4674427 -279.0098472 206.02720852 29.732045306 0.7558901323
 1147.1000000 464434.24119 4282812.7879 -41.89784082 1071.5978408 -139.0388116 -282.2421455 205.82629469 29.884396857 0.7558901323
 1154.3300000 464432.67387 4282809.5351 -48.16168084 1077.8616808 -140.6061316 -285.4949400 205.62723343 30.037049958 0.7558901304
 1161.5600000 464431.11061 4282806.2618 -54.41586921 1084.1158692 -142.1693868 -288.7681979 205.43000000 30.190000000 0.7558901304
 1168.7925000 464429.55118 4282802.9728 -60.66563130 1090.3656313 -143.7288200 -292.0572234 205.30438329 30.244821485 0.3470975529
 1176.0250000 464427.99640 4282799.6749 -66.91190393 1096.6119039 -145.2836024 -295.3550677 205.17917863 30.299762416 0.3470975529
 1183.2575000 464426.44627 4282796.3683 -73.15467376 1102.8546738 -146.8337308 -298.6617236 205.05438466 30.354822138 0.3470975500
 1190.4900000 464424.90080 4282793.0528 -79.39392750 1109.0939275 -148.3792019 -301.9771842 204.93000000 30.410000000 0.3470975500
 1197.6925000 464423.36239 4282789.7469 -85.60522881 1115.3052288 -149.9176142 -305.2830924 204.98004456 30.419971407 0.1134070833
 1204.8950000 464421.82063 4282786.4414 -91.81589483 1121.5158948 -151.4593698 -308.5886366 205.03005943 30.429961889 0.1134070833
 1212.0975000 464420.27553 4282783.1362 -98.02592417 1127.7259242 -153.0044686 -311.8938160 205.08004458 30.439971426 0.1134070752
 1219.3000000 464418.72709 4282779.8314 -104.2353154 1133.9353154 -154.5529100 -315.1986298 205.13000000 30.450000000 0.1134070752
 1226.5250000 464417.17106 4282776.5103 -110.4602661 1140.1602661 -156.1089371 -318.5196803 205.07951267 30.559971181 0.4688633099
 1233.7500000 464415.61290 4282773.1771 -116.6781655 1146.3781655 -157.6671039 -321.8529147 205.02935254 30.669961714 0.4688633099
 1240.9750000 464414.05260 4282769.8317 -122.8889894 1152.5889894 -159.2274044 -325.1983201 204.97951613 30.779971389 0.4688633105
 1248.2000000 464412.49017 4282766.4741 -129.0927137 1158.7927137 -160.7898325 -328.5558834 204.93000000 30.890000000 0.4688633105
 1255.4200000 464410.92571 4282763.1065 -135.2846224 1164.9846224 -162.3542871 -331.9235426 204.90473349 31.012492730 0.5118285955
 1262.6400000 464409.35717 4282759.7261 -141.4685781 1171.1685781 -163.9228302 -335.3038894 204.87964606 31.134990345 0.5118285955
 1269.8600000 464407.78455 4282756.3331 -147.6445522 1177.3445522 -165.4954546 -338.6969081 204.85473559 31.257492787 0.5118285951
 1277.0800000 464406.20785 4282752.9274 -153.8125162 1183.5125162 -167.0721529 -342.1025831 204.83000000 31.380000000 0.5118285951
 1284.2850000 464404.62969 4282749.5167 -159.9597264 1189.6597264 -168.6503096 -345.5133359 204.83000000 31.500000000 0.4996530187
 1291.4900000 464403.04613 4282746.0942 -166.0990520 1195.7990520 -170.2338693 -348.9357657 204.83000000 31.620000000 0.4996530187
 1298.6950000 464401.45718 4282742.6601 -172.2304661 1201.9304661 -171.8228250 -352.3698575 204.83000000 31.740000000 0.4996530187
 1305.9000000 464399.86283 4282739.2144 -178.3539419 1208.0539419 -173.4171697 -355.8155963 204.83000000 31.860000000 0.4996530187
 1310.7000000 464398.80366 4282736.9211 -182.4354496 1212.1354496 -174.4763428 -358.1089388 204.74917208 31.648200866 1.3501780892
 1315.5000000 464397.75405 4282734.6399 -186.5262664 1216.2262664 -175.5259470 -360.3900617 204.66736891 31.436453278 1.3501780892
 1320.3000000 464396.71403 4282732.3711 -190.6263340 1220.3263340 -176.5659675 -362.6589327 204.58457070 31.224758296 1.3501780862
 1325.1000000 464395.68361 4282730.1145 -194.7355942 1224.4355942 -177.5963894 -364.9155196 204.50075714 31.013117006 1.3501780862
 1329.9000000 464394.66280 4282727.8702 -198.8539885 1228.5539885 -178.6171982 -367.1597902 204.41590738 30.801530525 1.3501780883
 1334.7000000 464393.65162 4282725.6383 -202.9814583 1232.6814583 -179.6283793 -369.3917127 204.33000000 30.590000000 1.3501780883
 1341.8850000 464392.14940 4282722.3023 -209.1651839 1238.8651839 -181.1305986 -372.7277414 204.15434377 30.632147711 0.4128531132
 1349.0700000 464390.65554 4282718.9575 -215.3462089 1245.0462089 -182.6244559 -376.0725183 203.97912463 30.674530937 0.4128531132
 1356.2550000 464389.17005 4282715.6040 -221.5245149 1251.2245149 -184.1099467 -379.4260335 203.80434319 30.717148694 0.4128531208
 1363.4400000 464387.69293 4282712.2417 -227.7000835 1257.4000835 -185.5870665 -382.7882770 203.63000000 30.760000000 0.4128531208
 1368.2500000 464386.70045 4282709.9903 -231.8331211 1261.5331211 -186.5795477 -385.0397356 203.94733877 30.773073526 1.0157417707
 1373.0600000 464385.69512 4282707.7434 -235.9655806 1265.6655806 -187.5848752 -387.2865510 204.26442727 30.786919098 1.0157417707
 1377.8700000 464384.67696 4282705.5013 -240.0974286 1269.7974286 -188.6030409 -389.5287052 204.58125151 30.801535666 1.0157417825
 1382.6800000 464383.64596 4282703.2638 -244.2286317 1273.9286317 -189.6340366 -391.7661800 204.89779758 30.816922123 1.0157417825
 1387.4900000 464382.60215 4282701.0310 -248.3591565 1278.0591565 -190.6778540 -393.9989573 205.21405165 30.833077307 1.0157417683
 1392.3000000 464381.54552 4282698.8030 -252.4889696 1282.1889696 -191.7344846 -396.2270191 205.53000000 30.850000000 1.0157417683
 1397.1116666 464380.48738 4282696.5697 -256.6175306 1286.3175306 -192.7926192 -398.4602780 205.17444006 30.957615726 1.3215697137
 1401.9233333 464379.43979 4282694.3229 -260.7414217 1290.4414217 -193.8402080 -400.7070957 204.82110974 31.066198702 1.3215697137
 1406.7350000 464378.40276 4282692.0626 -264.8605864 1294.5605864 -194.8772366 -402.9674415 204.47000518 31.175738732 1.3215697011
 1411.5466667 464377.37631 4282689.7887 -268.9749685 1298.6749685 -195.9036909 -405.2412845 204.12112201 31.286225673 1.3215697011
 1416.3583334 464376.36044 4282687.5014 -273.0845115 1302.7845115 -196.9195567 -407.5285934 203.77445539 31.397649439 1.3215697059
 1421.1700000 464375.35518 4282685.2007 -277.1891593 1306.8891593 -197.9248203 -409.8293371 203.43000000 31.510000000 1.3215697059
 1425.9750000 464374.35492 4282682.9058 -281.2904958 1310.9904958 -198.9250789 -412.1242246 203.67206644 31.288816914 1.5896683746
 1430.7800000 464373.35130 4282680.6297 -285.4014559 1315.1014559 -199.9286970 -414.4003495 203.91722451 31.068093518 1.5896683746
 1435.5850000 464372.34435 4282678.3723 -289.5219584 1319.2219584 -200.9356548 -416.6576670 204.16553455 30.847839770 1.5896683804
 1440.3900000 464371.33407 4282676.1339 -293.6519218 1323.3519218 -201.9459323 -418.8961326 204.41705822 30.628065891 1.5896683804
 1445.1950000 464370.32049 4282673.9143 -297.7912648 1327.4912648 -202.9595097 -421.1157019 204.67185856 30.408782376 1.5896683815
 1450.0000000 464369.30363 4282671.7137 -301.9399054 1331.6399054 -203.9763668 -423.3163312 204.93000000 30.190000000 1.5896683815
 1457.2150000 464367.77077 4282668.4271 -308.1773191 1337.8773191 -205.5092282 -426.6028526 205.07955981 30.157244573 0.3409500418
 1464.4300000 464366.23084 4282665.1479 -314.4167996 1344.1167996 -207.0491595 -429.8821377 205.22941347 30.124659060 0.3409500418
 1471.6450000 464364.68384 4282661.8758 -320.6583341 1350.3583341 -208.5961577 -433.1541798 205.37956039 30.092244017 0.3409500388
 1478.8600000 464363.12978 4282658.6110 -326.9019099 1356.6019099 -210.1502195 -436.4189723 205.53000000 30.060000000 0.3409500388
 1486.0925000 464361.56635 4282655.3376 -333.1588795 1362.8588795 -211.7136495 -439.6923595 205.53000000 30.147500000 0.3629450398
 1493.3250000 464359.99880 4282652.0556 -339.4103019 1369.1103019 -213.2811959 -442.9743653 205.53000000 30.235000000 0.3629450398
 1500.5575000 464358.42714 4282648.7650 -345.6561625 1375.3561625 -214.8528551 -446.2649820 205.53000000 30.322500000 0.3629450397
 1507.7900000 464356.85138 4282645.4658 -351.8964468 1381.5964468 -216.4286233 -449.5642020 205.53000000 30.410000000 0.3629450397
 1515.0125000 464355.28041 4282642.1693 -358.1277885 1387.8277885 -217.9995912 -452.8607056 205.43069412 30.332386355 0.3839593483
 1522.2350000 464353.71879 4282638.8777 -364.3640687 1394.0640687 -219.5612121 -456.1523078 205.33092758 30.254848082 0.3839593483
 1529.4575000 464352.16652 4282635.5910 -370.6052711 1400.3052711 -221.1134820 -459.4389998 205.23069726 30.177385767 0.3839593498
 1536.6800000 464350.62360 4282632.3092 -376.8513797 1406.5513797 -222.6563969 -462.7207733 205.13000000 30.100000000 0.3839593498
 1543.8750000 464349.08608 4282629.0408 -383.0740235 1412.7740235 -224.1939194 -465.9892198 205.25575927 30.167321640 0.3848223595
 1551.0700000 464347.53827 4282625.7691 -389.2924151 1418.9924151 -225.7417261 -469.2609034 205.38101067 30.234762721 0.3848223595
 1558.2650000 464345.98019 4282622.4942 -395.5065384 1425.2065384 -227.2998131 -472.5358155 205.50575674 30.302322441 0.3848223670
 1565.4600000 464344.41182 4282619.2161 -401.7163774 1431.4163774 -228.8681762 -475.8139478 205.63000000 30.370000000 0.3848223670
 1572.6725000 464342.84017 4282615.9311 -407.9420350 1437.6420350 -230.4398349 -479.0989465 205.50600991 30.279822735 0.4566127960
 1579.8850000 464341.27985 4282612.6515 -414.1734128 1443.8734128 -232.0001529 -482.3785013 205.38135000 30.189762936 0.4566127960
 1587.0975000 464339.73088 4282609.3774 -420.4104877 1450.1104877 -233.5491246 -485.6526001 205.25601510 30.099821666 0.4566127918
 1594.3100000 464338.19326 4282606.1088 -426.6532369 1456.3532369 -235.0867443 -488.9212311 205.13000000 30.010000000 0.4566127918
 1601.5175000 464336.65787 4282602.8393 -432.8903132 1462.5903132 -236.6221333 -492.1907100 205.18059682 30.142471379 0.5613999293
 1608.7250000 464335.11346 4282599.5581 -439.1190209 1468.8190209 -238.1665351 -495.4718769 205.23079229 30.274962007 0.5613999293
 1615.9325000 464333.56006 4282596.2653 -445.3393255 1475.0393255 -239.7199410 -498.7647134 205.28059164 30.407471630 0.5613999320
 1623.1400000 464331.99766 4282592.9608 -451.5511926 1481.2511926 -241.2823424 -502.0692015 205.33000000 30.540000000 0.5613999320
 1630.3600000 464330.42365 4282589.6411 -457.7665533 1487.4665533 -242.8563537 -505.3888650 205.40562944 30.634935116 0.4256460759
 1637.5800000 464328.84084 4282586.3142 -463.9758167 1493.6758167 -244.4391565 -508.7157509 205.48083676 30.729913758 0.4256460759
 1644.8000000 464327.24925 4282582.9802 -470.1789628 1499.8789628 -246.0307457 -512.0498487 205.55562571 30.824935519 0.4256460712
 1652.0200000 464325.64888 4282579.6389 -476.3759719 1506.0759719 -247.6311163 -515.3911476 205.63000000 30.920000000 0.4256460712
 1659.2375000 464324.04404 4282576.2938 -482.5668709 1512.2668709 -249.2359629 -518.7362248 205.63000000 30.947500000 0.1143055075
 1666.4550000 464322.43791 4282572.9460 -488.7559885 1518.4559885 -250.8420946 -522.0839808 205.63000000 30.975000000 0.1143055075
 1673.6725000 464320.83049 4282569.5956 -494.9433232 1524.6433232 -252.4495110 -525.4344146 205.63000000 31.002500000 0.1143055075
 1680.8900000 464319.22179 4282566.2425 -501.1288736 1530.8288736 -254.0582118 -528.7875256 205.63000000 31.030000000 0.1143055075
 1688.1150000 464317.61517 4282562.8805 -507.3189143 1537.0189143 -255.6648274 -532.1494886 205.45450691 31.062145049 0.3988047539
 1695.3400000 464316.01736 4282559.5105 -513.5068558 1543.2068558 -257.2626407 -535.5195012 205.27934164 31.094527230 0.3988047539
 1702.5650000 464314.42835 4282556.1324 -519.6926808 1549.3926808 -258.8516472 -538.8975541 205.10450556 31.127145797 0.3988047456
 1709.7900000 464312.84816 4282552.7464 -525.8763718 1555.5763718 -260.4318424 -542.2836376 204.93000000 31.160000000 0.3988047456
 1716.9900000 464311.27635 4282549.3668 -532.0365401 1561.7365401 -262.0036540 -545.6632429 204.95507025 31.192492739 0.1457863642
 1724.1900000 464309.70158 4282545.9847 -538.1945936 1567.8945936 -263.5784173 -549.0453275 204.98009357 31.224990329 0.1457863642
 1731.3900000 464308.12387 4282542.6001 -544.3505299 1574.0505299 -265.1561317 -552.4298901 205.00507011 31.257492754 0.1457863620
 1738.5900000 464306.54320 4282539.2131 -550.5043468 1580.2043468 -266.7367966 -555.8169294 205.03000000 31.290000000 0.1457863620
 1745.8000000 464304.95836 4282535.8171 -556.6638506 1586.3638506 -268.3216398 -559.2129388 205.00488185 31.344992711 0.2351786914
 1753.0100000 464303.37251 4282532.4150 -562.8197545 1592.5197545 -269.9074936 -562.6149987 204.97984274 31.399990298 0.2351786914
 1760.2200000 464301.78564 4282529.0069 -568.9720524 1598.6720524 -271.4943564 -566.0231056 204.95488226 31.454992736 0.2351786928
 1767.4300000 464300.19777 4282525.5927 -575.1207384 1604.8207384 -273.0822266 -569.4372563 204.93000000 31.510000000 0.2351786928
 1774.6350000 464298.61571 4282522.1814 -581.2666409 1610.9666409 -274.6642886 -572.8485567 204.83085829 31.409884142 0.4692418116
 1781.8400000 464297.04407 4282518.7772 -587.4191021 1617.1191021 -276.2359266 -576.2528457 204.73114778 31.309845024 0.4692418116
 1789.0450000 464295.48287 4282515.3799 -593.5780981 1623.2780981 -277.7971345 -579.6501101 204.63086339 31.209883392 0.4692418088
 1796.2500000 464293.93209 4282511.9897 -599.7436053 1629.4436053 -279.3479063 -583.0403368 204.53000000 31.110000000 0.4692418088
 1801.0566666 464292.90490 4282509.7337 -603.8618166 1633.5618166 -280.3750951 -585.2962735 204.43191819 30.978143401 0.8814329245
 1805.8633333 464291.88551 4282507.4847 -607.9857200 1637.6857200 -281.3944916 -587.5453365 204.33308174 30.846361466 0.8814329245
 1810.6700000 464290.87391 4282505.2425 -612.1152904 1641.8152904 -282.4060897 -589.7875121 204.23348128 30.714655164 0.8814329114
 1815.4766667 464289.87012 4282503.0072 -616.2505026 1645.9505026 -283.4098832 -592.0227865 204.13310730 30.583025482 0.8814329114
 1820.2833333 464288.87413 4282500.7789 -620.3913314 1650.0913314 -284.4058659 -594.2511463 204.03195014 30.451473421 0.8814329214
 1825.0900000 464287.88597 4282498.5574 -624.5377519 1654.2377519 -285.3940319 -596.4725778 203.93000000 30.320000000 0.8814329214
 1829.9033333 464286.89103 4282496.3422 -628.6936059 1658.3936059 -286.3889655 -598.6877802 204.44372970 30.278281144 1.6362023896
 1834.7166667 464285.87749 4282494.1387 -632.8511845 1662.5511845 -287.4025111 -600.8912782 204.95871140 30.238572876 1.6362023896
 1839.5300000 464284.84535 4282491.9470 -637.0104003 1666.7104003 -288.4346473 -603.0830253 205.47488789 30.200883190 1.6362023912
 1844.3433333 464283.79465 4282489.7670 -641.1711661 1670.8711661 -289.4853524 -605.2629757 205.99220100 30.165219711 1.6362023912
 1849.1566667 464282.72540 4282487.5989 -645.3333945 1675.0333945 -290.5546044 -607.4310836 206.51059168 30.131589691 1.6362023863
 1853.9700000 464281.63762 4282485.4427 -649.4969982 1679.1969982 -291.6423808 -609.5873035 207.03000000 30.100000000 1.6362023863
 1858.7866666 464280.54206 4282483.2961 -653.6673717 1683.3673717 -292.7379405 -611.7339283 207.04627876 29.946661512 0.9563958282
 1863.6033333 464279.45097 4282481.1597 -657.8441800 1687.5441800 -293.8290324 -613.8702931 207.06270947 29.793325043 0.9563958282
 1868.4200000 464278.36435 4282479.0336 -662.0273932 1691.7273932 -294.9156489 -615.9963824 207.07929450 29.639990624 0.9563958205
 1873.2366667 464277.28222 4282476.9178 -666.2169813 1695.9169813 -295.9977821 -618.1121810 207.09603627 29.486658289 0.9563958205
 1878.0533333 464276.20458 4282474.8123 -670.4129141 1700.1129141 -297.0754243 -620.2176736 207.11293726 29.333328070 0.9563958291
 1882.8700000 464275.13143 4282472.7172 -674.6151615 1704.3151615 -298.1485676 -622.3128451 207.13000000 29.180000000 0.9563958291
 1887.6883333 464274.06369 4282470.6318 -678.8255929 1708.5255929 -299.2163096 -624.3981539 207.09758695 29.004979852 1.0941227350
 1892.5066667 464273.00299 4282468.5574 -683.0431608 1712.7431608 -300.2770052 -626.4726089 207.06481476 28.829967567 1.0941227350
 1897.3250000 464271.94936 4282466.4938 -687.2678257 1716.9678257 -301.3306444 -628.5361906 207.03167682 28.654963289 1.0941227459
 1902.1433333 464270.90278 4282464.4411 -691.4995477 1721.1995477 -302.3772172 -630.5888794 206.99816637 28.479967166 1.0941227459
 1906.9616667 464269.86329 4282462.3993 -695.7382871 1725.4382871 -303.4167138 -632.6306563 206.96427646 28.304979351 1.0941227360
 1911.7800000 464268.83088 4282460.3685 -699.9840041 1729.6840041 -304.4491245 -634.6615019 206.93000000 28.130000000 1.0941227360
 1916.5883334 464267.80864 4282458.3527 -704.2280000 1733.9280000 -305.4713599 -636.6773348 206.84918595 27.946544001 1.1688934996
 1921.3966667 464266.79540 4282456.3475 -708.4792102 1738.1792102 -306.4846008 -638.6824792 206.76739060 27.763135765 1.1688934996
 1926.2050000 464265.79116 4282454.3531 -712.7375891 1742.4375891 -307.4888362 -640.6769135 206.68459452 27.579776250 1.1688935079
 1931.0133333 464264.79594 4282452.3694 -717.0030914 1746.7030914 -308.4840554 -642.6606165 206.60077779 27.396466440 1.1688935079
 1935.8216667 464263.80975 4282450.3964 -721.2756715 1750.9756715 -309.4702478 -644.6335670 206.51591994 27.213207344 1.1688934983
 1940.6300000 464262.83260 4282448.4343 -725.5552835 1755.2552835 -310.4474028 -646.5957438 206.43000000 27.030000000 1.1688934983
 1945.4450000 464261.86161 4282446.4828 -729.8486845 1759.5486845 -311.4183916 -648.5471748 206.47802237 26.801624054 1.4293348295
 1950.2600000 464260.89662 4282444.5475 -734.1507389 1763.8507389 -312.3833846 -650.4824552 206.52680856 26.573264564 1.4293348295
 1955.0750000 464259.93763 4282442.6284 -738.4613778 1768.1613778 -313.3423664 -652.4015539 206.57637846 26.344921961 1.4293348322
 1959.8900000 464258.98468 4282440.7256 -742.7805322 1772.4805322 -314.2953216 -654.3044401 206.62675267 26.116596689 1.4293348322
 1964.7050000 464258.03776 4282438.8389 -747.1081327 1776.8081327 -315.2422350 -656.1910834 206.67795250 25.888289210 1.4293348309
 1969.5200000 464257.09691 4282436.9685 -751.4441100 1781.1441100 -316.1830914 -658.0614534 206.73000000 25.660000000 1.4293348309
 1976.7500000 464255.70065 4282434.1720 -757.9635214 1787.6635214 -317.5793550 -660.8579824 206.33384748 25.570878709 0.8011114248
 1983.9800000 464254.32825 4282431.3749 -764.4877576 1794.1877576 -318.9517451 -663.6550769 205.93512662 25.482830805 0.8011114248
 1991.2100000 464252.97975 4282428.5773 -771.0167447 1800.7167447 -320.3002462 -666.4527049 205.53384221 25.395867494 0.8011114176
 1998.4400000 464251.65516 4282425.7792 -777.5504085 1807.2504085 -321.6248430 -669.2508348 205.13000000 25.310000000 0.8011114176
 2003.2500000 464250.78458 4282423.9218 -781.9011057 1811.6011057 -322.4954185 -671.1081506 205.09750341 25.174981686 0.8465341510
 2008.0600000 464249.91941 4282422.0733 -786.2566243 1815.9566243 -323.3605869 -672.9566716 205.06467935 25.039970539 0.8465341510
 2012.8700000 464249.05966 4282420.2336 -790.6169401 1820.3169401 -324.2203432 -674.7963876 205.03152247 24.904966676 0.8465341520
 2017.6800000 464248.20532 4282418.4027 -794.9820285 1824.6820285 -325.0746827 -676.6272881 204.99802735 24.769970217 0.8465341520
 2022.4900000 464247.35640 4282416.5806 -799.3518649 1829.0518649 -325.9236005 -678.4493629 204.96418842 24.634981283 0.8465341526
 2027.3000000 464246.51291 4282414.7674 -803.7264250 1833.4264250 -326.7670919 -680.2626019 204.93000000 24.500000000 0.8465341526
 2032.1100000 464245.67436 4282412.9752 -808.1105809 1837.8105809 -327.6056392 -682.0548086 205.22076538 24.081805471 2.7128660243
 2036.9200000 464244.84030 4282411.2163 -812.5090524 1842.2090524 -328.4396958 -683.8137249 205.52117873 23.664178878 2.7128660243
 2041.7300000 464244.01079 4282409.4908 -816.9215862 1846.6215862 -329.2692136 -685.5392495 205.83174736 23.247150922 2.7128660295
 2046.5400000 464243.18586 4282407.7987 -821.3479278 1851.0479278 -330.0941447 -687.2312830 206.15301353 22.830754498 2.7128660295
 2051.3500000 464242.36556 4282406.1403 -825.7878222 1855.4878222 -330.9144418 -688.8897278 206.48555734 22.415024893 2.7128660244
 2056.1600000 464241.54994 4282404.5155 -830.2410136 1859.9410136 -331.7300573 -690.5144883 206.83000000 22.000000000 2.7128660244
 2060.9683333 464240.74254 4282402.9203 -834.7045670 1864.4045670 -332.5374560 -692.1097310 206.86082247 21.658317675 2.1330123358
 2065.7766667 464239.94632 4282401.3492 -839.1787032 1868.8787032 -333.3336781 -693.6807614 206.89258481 21.316641211 2.1330123358
 2070.5850000 464239.16130 4282399.8025 -843.6632628 1873.3632628 -334.1186952 -695.2275237 206.92533301 20.974970896 2.1330123540
 2075.3933333 464238.38752 4282398.2800 -848.1580863 1877.8580863 -334.8924795 -696.7499628 206.95911611 20.633307034 2.1330123540
 2080.2016667 464237.62500 4282396.7820 -852.6630135 1882.3630135 -335.6550033 -698.2480245 206.99398647 20.291649952 2.1330123360
 2085.0100000 464236.87376 4282395.3083 -857.1778842 1886.8778842 -336.4062396 -699.7216554 207.03000000 19.950000000 2.1330123360
 2089.8283334 464236.13184 4282393.8565 -861.7119728 1891.4119728 -337.1481594 -701.1735031 207.10630323 19.606577231 2.1442596734
 2094.6466667 464235.40037 4282392.4299 -866.2557520 1895.9557520 -337.8796326 -702.6001368 207.18521815 19.263187682 2.1442596734
 2099.4650000 464234.67937 4282391.0285 -870.8090577 1900.5090577 -338.6006327 -704.0015048 207.26688689 18.919833166 2.1442596938
 2104.2833333 464233.96887 4282389.6524 -875.3717253 1905.0717253 -339.3111337 -705.3775567 207.35146201 18.576515626 2.1442596938
 2109.1016666 464233.26889 4282388.3018 -879.9435900 1909.6435900 -340.0111100 -706.7282426 207.43910753 18.233237154 2.1442596747
 2113.9200000 464232.57946 4282386.9765 -884.5244866 1914.2244866 -340.7005362 -708.0535139 207.53000000 17.890000000 2.1442596747
 2121.1375000 464231.56069 4282385.0199 -891.3966222 1921.0966222 -341.7193105 -710.0100697 207.48153900 17.702481423 0.7818604399
 2128.3550000 464230.55396 4282383.0825 -898.2759403 1927.9759403 -342.7260371 -711.9475277 207.43207394 17.514974965 0.7818604399
 2135.5725000 464229.55929 4282381.1641 -905.1623667 1934.8623667 -343.7207053 -713.8658671 207.38157226 17.327481020 0.7818604394
 2142.7900000 464228.57670 4282379.2649 -912.0558272 1941.7558272 -344.7033042 -715.7650672 207.33000000 17.140000000 0.7818604394
 2147.6016666 464227.93151 4282378.0222 -916.6592446 1946.3592446 -345.3484890 -717.0077670 207.54763755 16.695994340 2.7963227120
 2152.4133333 464227.29806 4282376.8137 -921.2733715 1950.9733715 -345.9819360 -718.2163179 207.77681638 16.252228237 2.7963227120
 2157.2250000 464226.67639 4282375.6394 -925.8979253 1955.5979253 -346.6036066 -719.3906460 208.01850199 15.808721877 2.7963226837
 2162.0366667 464226.06654 4282374.4993 -930.5326225 1960.2326225 -347.2134625 -720.5306791 208.27376971 15.365497766 2.7963226837
 2166.8483333 464225.46853 4282373.3937 -935.1771792 1964.8771792 -347.8114664 -721.6363474 208.54382055 14.922581066 2.7963227149
 2171.6600000 464224.88242 4282372.3224 -939.8313107 1969.5313107 -348.3975817 -722.7075833 208.83000000 14.480000000 2.7963227149
 2176.4700000 464224.30431 4282371.2799 -944.4912508 1974.1912508 -348.9756946 -723.7500798 209.19407001 14.218457304 1.7255778604
 2181.2800000 464223.72989 4282370.2597 -949.1565781 1978.8565781 -349.5501084 -724.7702883 209.57148358 13.957485611 1.7255778604
 2186.0900000 464223.15919 4282369.2618 -953.8271837 1983.5271837 -350.1208097 -725.7681850 209.96297197 13.697117569 1.7255778613
 2190.9000000 464222.59221 4282368.2863 -958.5029589 1988.2029589 -350.6877852 -726.7437466 210.36931808 13.437388280 1.7255778613
 2195.7100000 464222.02898 4282367.3330 -963.1837945 1992.8837945 -351.2510217 -727.6969504 210.79136085 13.178335522 1.7255778607
 2200.5200000 464221.46949 4282366.4022 -967.8695815 1997.5695815 -351.8105060 -728.6277741 211.23000000 12.920000000 1.7255778607
 2205.3233334 464220.91565 4282365.4926 -972.5533649 2002.2533649 -352.3643453 -729.5373986 211.44342004 12.699525484 1.4083640193
 2210.1266667 464220.36780 4282364.6004 -977.2412100 2006.9412100 -352.9121952 -730.4295589 211.66425225 12.479227379 1.4083640193
 2214.9300000 464219.82595 4282363.7258 -981.9330442 2011.6330442 -353.4540474 -731.3042413 211.89288989 12.259115197 1.4083640301
 2219.7333333 464219.29011 4282362.8686 -986.6287948 2016.3287948 -353.9898933 -732.1614323 212.12975402 12.039199137 1.4083640301
 2224.5366667 464218.76028 4282362.0289 -991.3283892 2021.0283892 -354.5197247 -733.0011184 212.37529596 11.819490149 1.4083640191
 2229.3400000 464218.23647 4282361.2067 -996.0317545 2025.7317545 -355.0435334 -733.8232868 212.63000000 11.600000000 1.4083640191
 2230.0950000 464218.15468 4282361.0790 -996.7713702 2026.4713702 -355.1253169 -733.9509781 212.64737693 11.572498432 1.1015416430
 2230.8500000 464218.07305 4282360.9517 -997.5110586 2027.2110586 -355.2069475 -734.0783455 212.66483552 11.544997904 1.1015416430
 2231.6050000 464217.99157 4282360.8246 -998.2508196 2027.9508196 -355.2884255 -734.2053891 212.68237635 11.517498424 1.1015416535
 2232.3600000 464217.91025 4282360.6979 -998.9906528 2028.6906528 -355.3697506 -734.3321089 212.70000000 11.490000000 1.1015416535
 2236.6616667 464217.44961 4282359.9819 -1003.207230 2032.9072297 -355.8303930 -735.0480795 212.81371790 11.339882009 1.0586291326
 2240.9633333 464216.99352 4282359.2762 -1007.426022 2037.1260222 -356.2864771 -735.7538424 212.93044608 11.189808682 1.0586291326
 2245.2650000 464216.54200 4282358.5806 -1011.647001 2041.3470011 -356.7379999 -736.4493929 213.05030636 11.039781842 1.0586291193
 2249.5666667 464216.09504 4282357.8953 -1015.870136 2045.5701365 -357.1849581 -737.1347260 213.17342719 10.889803411 1.0586291193
 2253.8683334 464215.65265 4282357.2202 -1020.095399 2049.7953987 -357.6273486 -737.8098368 213.29994406 10.739875416 1.0586291338
 2258.1700000 464215.21483 4282356.5553 -1024.322758 2054.0227582 -358.0651683 -738.4747207 213.43000000 10.590000000 1.0586291338
 2262.9850000 464214.73102 4282355.8258 -1029.057527 2058.7575271 -358.5489758 -739.2041632 213.68194190 10.357769648 1.4747849693
 2267.8000000 464214.25462 4282355.1145 -1033.795803 2063.4958033 -359.0253789 -739.9154794 213.94530628 10.125744119 1.4747849693
 2272.6150000 464213.78563 4282354.4213 -1038.537506 2068.2375060 -359.4943695 -740.6086572 214.22088564 9.8939378241 1.4747849688
 2277.4300000 464213.32406 4282353.7463 -1043.282554 2072.9825542 -359.9559396 -741.2836847 214.50954638 9.6623665437 1.4747849688
 2282.2450000 464212.86992 4282353.0894 -1048.030867 2077.7308671 -360.4100812 -741.9405504 214.81223740 9.4310475908 1.4747849696
 2287.0600000 464212.42321 4282352.4508 -1052.782363 2082.4823634 -360.8567867 -742.5792432 215.13000000 9.2000000000 1.4747849696
 2291.8666667 464211.98537 4282351.8331 -1057.529023 2087.2290230 -361.2946333 -743.1969091 215.53975321 8.9253001979 1.7611693516
 2296.6733333 464211.55627 4282351.2371 -1062.279255 2091.9792549 -361.7237301 -743.7928710 215.97528921 8.6510777985 1.7611693516
 2301.4800000 464211.13593 4282350.6629 -1067.032944 2096.7329439 -362.1440664 -744.3671145 216.43908830 8.3773796859 1.7611693338
 2306.2866667 464210.72437 4282350.1104 -1071.789975 2101.4899749 -362.5556322 -744.9196255 216.93395150 8.1042589815 1.7611693338
 2311.0933333 464210.32158 4282349.5796 -1076.550232 2106.2502322 -362.9584175 -745.4503907 217.46305253 7.8317760965 1.7611693514
 2315.9000000 464209.92759 4282349.0706 -1081.313601 2111.0136005 -363.3524124 -745.9593973 218.03000000 7.5600000000 1.7611693514
 2320.7200000 464209.54073 4282348.5770 -1086.092629 2115.7926285 -363.7392662 -746.4529750 218.14822523 7.3915768800 1.0526389054
 2325.5400000 464209.16153 4282348.0953 -1090.873479 2120.5734791 -364.1184706 -746.9346958 218.27193194 7.2231863261 1.0526389054
 2330.3600000 464208.78998 4282347.6254 -1095.656111 2125.3561106 -364.4900224 -747.4045553 218.40151147 7.0548306704 1.0526389054
 2335.1800000 464208.42608 4282347.1675 -1100.440481 2130.1404814 -364.8539183 -747.8625496 218.53739321 6.8865124724 1.0526389054
 2340.0000000 464208.06984 4282346.7213 -1105.226550 2134.9265499 -365.2101552 -748.3086746 218.68004928 6.7182345476 1.0526389056
 2344.8200000 464207.72127 4282346.2871 -1110.014274 2139.7142742 -365.5587300 -748.7429264 218.83000000 6.5500000000 1.0526389056
 2348.8650000 464207.43388 4282345.9300 -1114.033222 2143.7332220 -365.8461179 -749.0999819 218.83000000 6.4625000000 0.6489493201
 2352.9100000 464207.15034 4282345.5777 -1118.052865 2147.7528650 -366.1296572 -749.4522558 218.83000000 6.3750000000 0.6489493201
 2356.9550000 464206.87065 4282345.2303 -1122.073194 2151.7731940 -366.4093471 -749.7997472 218.83000000 6.2875000000 0.6489493201
 2361.0000000 464206.59481 4282344.8875 -1126.094200 2155.7941995 -366.6851871 -750.1424553 218.83000000 6.2000000000 0.6489493201
 2376.0000000 464205.57906 4282343.6256 -1141.006464 2170.7064640 -367.7009401 -751.4044435 218.83000000 6.2000000000 0.0000000000
